$ANSIBLE_VAULT;1.1;AES256
36343338343039313062313037373063353365626163626165633332303130666335643239313235
6435323839643430386366613134643239356538643130610a613564653933366330643731363161
32636230656162613036316636323531323631313633353263613666666164306334366431613362
6166616239326331330a613464396364303961373062373931643532623265396566303465613237
36393238376635393738343237363031373330323530653466306636376136356438313630313963
64623935363765656531393961353336366563343466626237666238636433653365306239653466
38356434636662343637343433336430333062353465643236363431343862356561356534376332
64313264323931333366653337386463303532306330343533623336646530323233393664666564
32656439393636316539636637643863313165333634333938383538303838663336663136643334
35363239343635613466616163366263313766386533373534313365306436626135306137343062
333137363565343235346666643166333139